0
1954
3908
5862
7816
9770
11724
13678
15632
17586
19540
21494
23448
25402
27356
29310
31264
33218
35172
37126
39080
41034
42988
44942
46896
48850
50804
52758
54712
56666
58620
60574
62528
64482
66436
68390
70344
72298
74252
76206
78160
80114
82068
84022
85976
87930
89884
91838
93792
95746
97700
99654
101608
103562
105516
107470
109424
111378
113332
115286
117240
119194
121148
123102
125056
127009
128962
130915
132868
134821
136774
138727
140680
142633
144586
146539
148492
150445
152398
154351
156304
158257
160210
162163
164116
166069
168022
169975
171928
173881
175834
177787
179740
181693
183646
185599
187552
189505
191458
193411
195364
197317
199270
201223
203176
205129
207082
209035
210988
212941
214894
216847
218800
220753
222706
224659
226612
228565
230518
232471
234424
236377
238330
240283
242236
244189
246142
248095
250048
252001
253954
255907
257860
259813
261766
263719
265672
267625
269578
271531
273484
275437
277390
279343
281296
283249
285202
287155
289108
291061
293014
294967
296920
298873
300826
302779
304732
306685
308638
310591
312544
314497
316450
318403
320356
322309
324262
326215
328168
330121
332074
334027
335980
337933
339886
341839
343792
345745
347698
349651
351604
353557
355510
357463
359416
361369
363322
365275
367228
369181
371134
373087
375040
376993
378946
380899
382852
384805
386758
388711
390664
392617
394570
396523
398476
400429
402382
404335
406288
408241
410194
412147
414100
416053
418006
419959
421912
423865
425818
427771
429724
431677
433630
435583
437536
439489
441442
443395
445348
447301
449254
451207
453160
455113
457066
459019
460972
462925
464878
466831
468784
470737
472690
474643
476596
478549
480502
482455
484408
486361
488314
490267
492220
494173
496126
498079
500032
501985
503938
505891
507844
509797
511750
513703
515656
517609
519562
521515
523468
525421
527374
529327
531280
533233
535186
537139
539092
541045
542998
544951
546904
548857
550810
552763
554716
556669
558622
560575
562528
564481
566434
568387
570340
572293
574246
576199
578152
580105
582058
584011
585964
587917
589870
591823
593776
595729
597682
599635
601588
603541
605494
607447
609400
611353
613306
615259
617212
619165
621118
623071
625024
626977
628930
630883
632836
634789
636742
638695
640648
642601
644554
646507
648460
650413
652366
654319
656272
658225
660178
662131
664084
666037
667990
669943
671896
673849
675802
677755
679708
681661
683614
685567
687520
689473
691426
693379
695332
697285
699238
701191
703144
705097
707050
709003
710956
712909
714862
716815
718768
720721
722674
724627
726580
728533
730486
732439
734392
736345
738298
740251
742204
744157
746110
748063
750016
751969
753922
755875
757828
759781
761734
763687
765640
767593
769546
771499
773452
775405
777358
779311
781264
783217
785170
787123
789076
791029
792982
794935
796888
798841
800794
802747
804700
806653
808606
810559
812512
814465
816418
818371
820324
822277
824230
826183
828136
830089
832042
833995
835948
837901
839854
841807
843760
845713
847666
849619
851572
853525
855478
857431
859384
861337
863290
865243
867196
869149
871102
873055
875008
876961
878914
880867
882820
884773
886726
888679
890632
892585
894538
896491
898444
900397
902350
904303
906256
908209
910162
912115
914068
916021
917974
919927
921880
923833
925786
927739
929692
931645
933598
935551
937504
939457
941410
943363
945316
947269
949222
951175
953128
955081
957034
958987
960940
962893
964846
966799
968752
970705
972658
974611
976564
978517
980470
982423
984376
986329
988282
990235
992188
994141
996094
998047
